1000631
1002541
1004968
1007395
1009041
1009792
1011031
1011617
1013370
1017275
1024489
1028779
1034088
1035120
1043437
1043595
1044397
1050090
1057114
1060456
1061698
1061976
1071979
1076075
1079019
1095053
1095319
1103524
1103801
1113785
1126986
1128728
1128912
1140065
1140640
1147794
1152021
1156275
1175310
1179223
1184764
1191666
1197528
1207701
1210154
1232842
1234197
1239464
1244470
1246829
1252419
1257941
1263050
1266914
1267944
1274474
1276939
1279914
1280195
1283199
1285998
1286951
1289404
1306527
1306792
1310466
1314540
1316564
1323589
1325992
1331088
1339206
1340580
1343704
1345049
1345239
1348593
1353777
1357642
1363134
1375134
1384726
1386094
1395560
1396108
1397012
1405162
1412609
1414475
1417892
1418604
1420864
1428633
1429622
1434739
1435148
1444799
1445560
1464187
1481539
1488594
1488866
1491811
1493042
1501747
1503820
1507083
1509042
1518696
1532891
1538613
1550574
1555556
1563785
1568901
1574272
1582884
1584931
1585652
1589255
1593178
1599477
1604907
1613458
1615627
1619440
1625946
1628031
1628855
1629367
1632127
1643710
1647591
1655517
1663055
1679587
1686322
1689891
1697746
1699272
1704848
1705057
1709528
1710024
1717010
1717915
1721439
1730171
1743731
1744769
1747158
1750301
1754488
1774762
1778706
1795731
1798313
1799102
1805600
1810736
1815098
1817325
1824278
1836026
1841108
1843030
1857099
1868741
1869647
1870309
1885575
1888410
1890365
1895248
1897718
1907216
1928759
1945196
1953696
1957305
1958065
1968100
1970116
1970143
1974985
1982200
1984157
1986018
1987030
1997953
1999162
2000243
2000952
2001165
2002429
2009606
2029615
2030728
2037809
2038223
2038328
2074922
2079424
2080648
2098942
2107935
2110263
2135085
2135102
2149299
2165680
2168044
2194454
2201453
2208690
2215304
2226203
2235149
2237266
2240987
2250093
2250566
2260285
2262829
2276567
2281098
2288934
2296293
2301284
2304249
2305515
2307289
2307967
2312183
2312557
2318045
2319500
2322895
2334763
2345231
2358796
2372285
2374057
2376052
2376264
2383946
2391326
2391873
2395020
2397233
2399833
2404100
2408968
2411859
2414516
2420603
2424659
2425875
2429308
2435682
2448740
2450025
2452396
2460942
2464226
2467243
2478798
2487783
2490492
2501237
2502617
2504164
2514378
2514457
2515928
2520775
2521855
2522215
2523225
2528551
2529210
2529688
2530008
2531223
2533849
2539882
2553388
2561272
2561908
2571879
2576789
2583007
2590025
2593787
2597303
2598117
2600279
2602187
2602604
2609920
2617607
2623042
2624304
2635268
2650169
2653158
2659185
2676399
2683145
2687939
2689349
2692208
2695855
2700401
2707724
2711031
2711546
2714102
2714889
2718566
2724593
2725130
2730204
2737390
2738634
2743328
2743733
2744047
2750127
2751140
2755869
2756093
2759104
2762531
2773827
2774017
2777272
2778440
2783396
2799310
2807765
2808816
2810168
2818259
2820569
2822650
2827043
2831540
2841971
2842749
2845797
2853747
2856259
2856275
2864792
2865165
2865172
2868576
2884123
2889389
2889890
2892684
2907337
2907484
2908553
2911259
2911680
2911969
2914842
2917880
2919194
2921736
2923072
2926034
2927063
2935552
2938087
2945785
2951985
2954813
2955881
2963315
2968705
2975810
2979941
2980934
2983400
2988301
2990462
2991020
2993159
3008543
3020057
3031106
3031294
3039858
3042857
3044822
3046529
3048638
3054894
3059322
3063675
3065560
3066474
3068482
3068518
3068908
3071187
3073951
3076843
3076859
3082964
3086337
3087257
3091129
3092825
3093722
3096483
3098688
3102503
3105860
3111276
3114060
3115008
3126571
3134891
3135182
3139234
3140162
3141711
3142911
3145755
3150474
3156314
3165808
3168370
3168976
3177290
3177465
3178838
3178959
3180739
3185425
3188722
3189161
3192784
3195354
3203772
3206142
3210425
3212332
3220716
3222941
3235375
3236703
3256212
3257219
3258184
3262231
3263510
3269757
3276487
3276933
3277034
3283313
3285242
3286482
3292155
3293564
3302477
3306383
3311230
3317765
3322533
3325278
3326596
3340032
3343173
3346403
3353256
3363014
3364641
3372108
3376201
3376586
3381322
3381557
3381754
3381849
3391766
3394046
3395107
3397999
3414861
3416615
3426090
3430966
3431632
3433732
3434328
3437022
3441464
3442285
3442294
3446689
3449806
3454811
3456738
3457430
3468302
3495169
3495484
3495994
3498478
3499805
3507168
3513954
3517769
3518511
3523216
3523618
3525878
3526658
3527682
3528175
3528740
3531008
3532171
3533509
3557677
3559689
3566766
3575596
3575902
3575951
3590098
3594756
3607903
3614162
3615382
3621214
3622033
3626779
3627182
3628639
3630312
3633813
3636942
3642750
3645143
3647184
3647481
3649788
3660071
3663682
3674420
3675499
3676926
3679410
3681078
3692782
3693471
3697324
3698995
3700432
3709617
3715123
3716828
3717195
3724641
3727289
3734741
3736779
3740132
3740352
3751862
3753754
3758838
3760183
3762112
3769700
3777870
3778218
3778886
3785297
3785754
3791318
3792679
3799852
3801765
3802450
3802654
3805557
3806109
3808897
3812346
3812485
3814092
3816244
3820055
3821170
3822431
3827420
3828609
3831200
3836153
3837717
3838562
3839347
3840112
3840819
3842617
3845829
3849418
3853052
3860351
3861382
3870718
3875830
3880792
3882598
3883194
3884747
3886129
3891589
3893556
3894460
3899437
3903823
3909563
3910564
3911309
3916979
3921881
3924097
3924731
3926527
3932183
3932266
3935086
3941926
3942856
3945615
3946462
3948968
3949958
3952571
3954256
3959273
3960338
3960755
3964885
3965899
3971500
3982074
3982352
3986034
3990171
3994577
4000775
4008778
4009292
4013128
4014642
4016838
4022773
4024536
4029709
4034303
4035634
4036218
4038952
4048214
4048379
4051558
4055496
4056974
4057430
4058270
4059002
4064601
4065656
4076055
4082224
4086724
4089027
4089400
4095350
4097694
4098469
4098833
4105332
4108754
4116157
4130292
4132151
4133039
4135543
4145834
4154150
4158326
4161299
4161360
4166463
4167141
4176382
4180103
4184441
4189332
4201295
4203709
4207704
4219998
4224713
4225046
4225263
4230060
4234112
4234502
4238036
4238951
4249323
4251294
4254593
4255411
4259925
4265495
4275929
4277338
4291536
4294939
4305370
4306111
4310226
4310784
4311084
4312068
4312082
4312163
4316054
4317944
4325772
4332614
4335331
4338230
4342753
4347795
4347934
4348734
4351763
4356086
4361949
4371461
4374408
4377469
4378110
4386670
4392619
4394291
4396648
4397082
4398042
4398106
4400249
4406238
4406291
4413843
4415077
4418598
4422873
4428249
4430149
4437345
4438484
4441833
4446151
4452590
4456603
4457109
4457879
4459965
4469313
4470102
4474743
4475796
4479899
4486660
4491451
4492311
4505427
4507418
4511971
4513180
4517026
4519179
4520401
4527655
4528040
4529224
4536277
4538307
4540387
4546673
4550294
4550876
4551628
4552937
4555854
4560858
4565262
4570385
4577087
4583550
4585001
4585925
4593138
4598048
4609926
4611427
4618048
4618701
4622547
4624841
4635790
4640977
4643641
4645151
4645344
4647721
4652705
4662869
4671325
4678304
4688824
4700668
4700985
4714619
4723615
4726759
4726812
4736372
4737587
4737748
4759251
4763113
4765285
4768967
4770009
4770272
4771973
4772690
4775225
4784718
4784972
4788115
4792608
4795148
4796643
4797070
4799658
4801603
4804530
4806274
4815556
4816904
4820697
4825159
4825423
4829458
4833165
4835573
4843429
4845584
4848965
4858855
4859850
4865350
4865565
4871356
4874339
4876374
4885032
4890625
4890751
4893243
4901519
4902134
4902640
4904611
4907514
4910696
4910797
4913088
4920323
4920951
4949105
4953442
4961505
4966626
4967311
4970869
4979443
4979462
4979945
4985994
4990009
4990663
4996006
5000906
5003592
5007486
5010069
5011865
5014218
5015890
5020513
5021786
5025003
5025664
5027305
5029395
5031798
5037000
5038492
5040454
5042913
5043934
5048662
5048981
5051198
5051517
5056913
5064612
5066504
5071305
5073177
5073330
5075939
5095204
5098085
5100404
5108701
5115215
5118462
5122183
5125191
5126249
5126780
5131715
5134340
5152048
5152832
5156256
5162784
5164933
5166910
5170302
5170590
5175391
5178385
5179213
5183412
5187521
5194395
5213287
5214334
5216453
5221632
5222659
5229549
5239272
5239468
5239490
5240268
5245042
5245966
5258441
5261817
5263090
5263328
5265609
5269787
5272372
5277740
5283316
5287781
5289842
5290406
5290877
5291408
5293475
5293929
5297102
5298576
5298593
5300101
5306416
5316939
5317253
5317326
5318214
5325501
5326927
5331459
5333819
5338519
5343697
5345750
5348907
5357797
5363241
5366656
5369021
5383638
5390159
5395710
5396260
5396452
5398887
5402336
5402662
5407359
5412808
5413720
5417813
5421305
5422852
5423743
5425842
5426586
5428669
5429520
5430743
5431436
5431788
5432870
5433818
5446818
5448660
5457083
5458169
5462021
5468503
5469827
5471859
5473871
5481148
5484318
5491581
5492609
5506553
5511903
5513643
5514102
5515117
5515573
5516632
5519068
5520295
5528399
5533168
5535818
5545924
5546153
5547594
5551395
5551807
5556701
5557653
5565517
5566145
5566571
5575608
5581197
5581736
5581987
5584229
5587168
5589533
5596221
5599601
5601182
5602158
5603934
5608452
5610307
5610878
5612633
5613056
5616438
5617380
5620948
5640861
5641665
5647799
5648807
5657112
5660100
5662958
5663057
5666768
5668090
5668249
5671999
5672609
5673461
5678517
5679260
5681086
5686534
5687068
5687654
5694705
5694865
5706068
5712021
5716901
5717373
5718469
5727440
5728726
5730532
5734640
5742976
5755697
5758607
5763439
5768062
5769349
5774467
5776349
5776902
5778227
5778685
5788912
5795863
5798945
5803122
5804822
5806220
5807016
5815637
5819692
5820728
5828898
5829885
5830917
5834483
5842944
5845434
5849101
5852620
5864737
5872068
5882016
5895177
5900215
5902330
5911211
5914006
5915610
5918007
5919133
5920514
5922872
5928728
5931071
5932270
5934435
5938525
5939202
5946743
5948591
5952136
5959535
5960009
5961604
5966780
5967693
5967799
5973414
5974838
5978803
5984480
5990274
5991137
5993223
5993797
5998312
6003277
6004193
6020762
6021427
6022250
6022842
