1002190
1057823
1063731
1084229
1114158
1149980
1199509
1216780
1248729
1256839
1289716
1296992
1315184
1323195
1329633
1343070
1355045
1357566
1358599
1433895
1486969
1491001
1513171
1516447
1564612
1574861
1604449
1630615
1637057
1654828
1654894
1688231
1690052
1706375
1727791
1738808
1740723
1754077
1761493
1787889
1792594
1805273
1818503
1818643
1879522
1893221
1897583
1911659
1923713
1934569
1951115
1991285
1997057
2002325
2006943
2019113
2019336
2036779
2038450
2038875
2047060
2050631
2074594
2087953
2117719
2170079
2184444
2205612
2214098
2225931
2267877
2289249
2290631
2296467
2332535
2346753
2353872
2405799
2428484
2474461
2535048
2541013
2591311
2602215
2607224
2624461
2628623
2644339
2651767
2667337
2706794
2749905
2761273
2790236
2808234
2830680
2836145
2857038
2899206
2911176
