1000191
1000631
1001991
1002027
1002190
1002541
1003834
1006535
1006620
1007330
1008650
1009792
1010537
1011031
1011617
1011741
1012535
1013241
1013370
1014681
1017697
1017771
1018081
1019006
1021630
1022766
1023291
1024489
1026088
1028055
1028779
1028790
1028964
1030375
1030714
1030828
1031728
1032059
1032376
1034088
1034511
1034995
1035120
1035866
1036142
1036163
1036729
1036875
1037201
1039192
1040130
1040195
1040322
1042482
1043437
1043595
1044397
1046121
1049854
1049873
1050090
1050862
1052998
1053224
1057114
1057754
1057823
1057867
1058329
1059120
1060456
1060505
1061071
1061976
1063731
1067409
1068765
1068876
1069075
1070791
1071906
1072698
1073689
1076075
1079019
1081295
1082936
1083299
1083451
1084229
1086948
1090155
1093197
1095053
1095319
1096221
1096854
1098280
1099431
1100568
1101252
1102206
1102282
1102608
1103524
1103921
1104178
1105262
1105287
1105485
1106897
1107647
1107822
1109417
1110042
1110487
1112717
1114158
1115253
1116513
1116572
1116823
1122321
1124121
1125341
1127000
1127940
1128728
1128811
1128912
1129818
1129880
1130243
1133347
1136133
1136676
1136681
1137035
1138929
1140065
1140640
1142304
1145079
1145223
1145696
1147198
1147740
1147794
1148031
1149256
1152021
1153125
1153375
1153453
1155591
1156176
1156275
1158447
1161672
1165092
1166068
1167441
1167676
1168002
1172175
1172281
1172302
1174061
1175310
1176149
1177391
1177926
1178627
1179223
1179824
1180495
1181422
1182487
1184020
1184516
1184764
1187593
1187692
1188681
1189200
1189357
1190668
1191666
1193199
1195019
1197010
1197528
1199509
1199667
1201186
1202447
1203351
1205235
1207701
1210050
1210154
1210769
1210861
1211116
1212364
1212871
1213240
1214231
1215305
1215358
1216641
1216780
1218161
1218888
1219211
1221447
1221706
1226214
1228099
1228121
1230347
1233104
1234085
1234197
1234379
1234916
1236020
1237419
1237674
1237835
1237844
1238022
1238908
1239464
1241857
1244031
1244470
1246049
1246829
1246909
1247512
1248729
1248733
1250242
1251324
1251971
1252419
1253379
1254430
1256066
1256608
1256839
1257827
1257941
1258463
1260040
1260804
1261371
1263015
1264029
1264743
1265114
1265867
1266914
1267171
1267944
1269083
1272443
1272498
1274474
1274847
1276026
1276159
1276939
1280668
1281164
1282220
1282406
1283199
1283526
1285998
1286232
1286334
1286951
1287643
1287845
1288531
1289404
1289522
1289716
1290831
1291873
1292962
1293835
1294240
1294588
1296076
1296421
1297178
1298116
1298646
1300230
1301084
1301789
1304491
1306088
1306527
1306792
1307883
1310466
1311362
1312602
1312969
1313335
1313425
1313534
1314540
1314937
1315184
1316033
1316564
1316593
1317521
1320540
1323031
1323195
1324299
1325015
1325840
1325992
1327268
1327724
1330520
1331088
1333170
1333481
1336757
1337519
1337976
1339206
1339369
1340580
1342059
1342075
1342152
1343070
1343704
1345049
1345239
1345698
1348593
1350864
1351123
1352624
1352802
1353333
1353777
1355045
1355970
1356855
1357566
1357580
1357642
1358599
1360954
1361094
1362446
1362839
1363134
1363715
1363883
1368898
1373060
1374261
1375373
1375480
1377546
1379370
1383593
1384257
1384468
1384533
1384908
1385884
1386094
1387142
1387718
1388525
1388720
1388746
1389499
1390667
1394344
1395386
1397137
1398490
1405827
1406681
1409350
1410105
1410184
1410249
1410688
1412032
1412609
1414475
1415155
1415878
1416778
1417337
1417892
1417994
1418941
1420400
1420601
1420864
1423175
1423222
1424989
1426016
1427986
1428947
1429622
1430544
1431226
1431473
1432347
1432942
1433895
1434075
1434458
1434739
1435148
1439468
1439533
1440999
1441218
1441855
1442248
1443540
1443585
1444727
1445554
1445560
1445809
1446325
1447618
1448636
1449208
1449654
1452277
1453411
1454830
1454953
1459346
1459697
1460233
1462444
1462752
1463493
1463989
1464124
1464187
1465003
1465197
1467055
1467207
1467721
1470793
1472432
1473586
1474483
1474721
1475158
1475816
1481539
1482938
1486969
1487516
1488594
1488802
1491001
1491811
1492725
1492940
1493042
1494338
1495698
1496142
1497129
1497496
1499108
1501747
1502461
1505578
1505859
1506798
1507506
1509042
1512253
1513171
1514245
1514427
1516447
1516452
1516829
1518696
1519291
1522048
1522362
1522726
1522730
1524276
1524408
1524954
1526507
1527528
1528186
1528793
1529812
1530673
1531465
1532214
1532609
1534815
1535171
1536627
1537867
1538143
1538613
1538925
1541349
1542394
1543529
1544352
1547640
1548067
1548120
1550574
1552405
1552754
1554357
1555358
1555556
1555897
1558807
1559108
1561013
1561628
1561852
1563014
1564082
1564612
1565984
1566436
1568901
1570645
1570767
1572046
1572500
1573623
1574272
1574861
1575078
1576145
1577493
1577875
1577965
1578355
1578876
1581572
1581834
1582761
1582884
1583874
1583950
1584931
1585652
1587039
1587060
1588076
1588331
1589127
1589136
1589255
1590342
1591332
1593178
1593364
1593538
1596159
1596449
1597253
1598407
1599224
1599477
1600499
1600546
1601039
1601428
1602300
1602828
1604761
1604907
1605962
1606042
1606153
1607207
1608339
1608814
1609787
1610165
1611267
1611660
1613297
1613458
1614935
1615048
1615627
1617581
1618916
1619389
1619440
1620748
1620935
1621533
1625946
1626548
1628031
1628152
1628855
1629367
1630615
1632170
1632887
1633009
1633213
1635739
1637895
1638055
1639329
1641564
1641743
1643710
1643983
1645917
1646160
1649241
1649540
1650176
1650456
1650527
1651495
1654574
1655209
1655517
1656094
1657328
1657729
1658933
1659442
1659994
1660446
1663414
1667511
1671215
1672101
1672644
1674599
1674930
1679057
1679587
1681354
1681694
1682802
1683794
1685002
1686322
1686427
1688231
1688372
1689344
1689891
1690052
1690100
1690408
1691247
1693869
1694218
1694274
1695666
1699272
1699387
1699752
1699877
1700448
1701905
1702425
1704848
1705057
1705227
1705869
1706375
1706605
1708215
1708925
1709528
1710024
1710251
1710520
1714248
1715295
1716704
1717010
1717241
1717851
1717915
1718312
1718906
1719347
1720408
1721439
1722244
1723694
1724152
1725313
1725844
1727355
1727400
1727487
1727791
1729406
1730171
1733975
1734585
1734600
1735831
1736221
1737318
1738808
1740723
1741254
1743731
1744684
1744769
1746295
1746344
1746439
1746998
1747158
1747199
1747843
1749101
1751977
1754488
1754799
1754820
1757584
1759111
1760981
1761493
1766858
1766996
1767235
1767888
1769176
1770460
1770549
1771459
1771626
1772639
1773795
1773910
1774103
1774762
1777776
1778055
1778706
1778717
1779471
1779638
1786271
1787028
1787727
1787889
1788033
1788775
1791906
1792594
1795103
1797220
1798313
1799102
1799820
1800272
1800795
1803117
1805273
1805600
1807962
1808347
1809388
1810736
1812082
1813421
1814119
1814472
1815098
1816224
1817167
1817325
1818503
1818643
1818717
1821606
1824230
1824278
1824344
1824857
1825525
1826013
1828701
1829079
1830866
1832058
1833075
1833739
1835362
1836026
1838145
1838804
1839536
1841108
1843842
1846195
1847204
1847636
1848181
1848372
1848511
1848806
1849133
1849344
1849549
1851028
1853299
1853632
1854147
1855224
1855275
1857099
1859611
1860781
1861291
1862666
1864950
1865887
1866942
1867052
1867198
1867728
1868741
1869647
1870458
1870707
1873053
1875077
1876498
1877342
1877519
1878354
1878466
1879045
1879522
1882622
1882676
1884277
1885020
1885270
1885575
1887855
1888863
1890365
1890432
1890485
1890697
1891948
1893045
1893221
1893762
1894840
1895248
1896335
1899985
1902215
1904283
1904317
1904321
1905310
1905837
1907137
1907216
1907346
1909718
1909913
1910148
1910817
1911023
1911370
1911659
1912516
1912852
1913074
1913731
1913888
1914076
1914093
1914971
1915579
1916061
1919381
1919808
1920934
1922591
1923144
1923713
1924558
1924771
1925296
1927454
1928759
1930367
1931575
1931906
1934569
1935623
1935873
1937529
1938231
1938674
1938680
1938697
1939622
1939813
1940239
1940370
1940964
1941913
1942121
1943977
1945196
1946691
1951115
1951461
1951969
1953464
1953696
1954836
1955916
1956371
1956512
1956596
1958065
1958793
1960991
1961206
1961743
1962473
1963599
1964063
1964765
1967903
1968014
1968100
1969207
1969880
1970116
1970143
1972548
1973847
1974985
1974994
1975723
1976311
1977371
1978319
1978729
1980108
1981246
1981769
1982088
1982200
1982372
1984138
1984157
1985774
1986018
1986235
1986667
1987030
1990028
1990900
1990943
1992223
1992356
1994775
1997312
1997953
1999162
1999925
2000243
2000666
2000952
2001165
2001833
2002325
2002429
2006571
2009062
2009458
2009606
2010569
2010745
2011623
2012510
2013039
2013115
2014850
2015737
2016747
2017504
2017653
2017977
2018467
2019336
2020601
2022922
2024938
2026565
2030728
2031247
2031353
2031727
2032279
2032457
2032667
2033373
2033480
2034101
2036779
2036950
2037099
2037809
2038255
2038450
2038530
2038625
2039627
2040896
2042374
2043430
2044637
2044711
2047060
2048949
2049887
2050452
2050631
2053994
2054155
2054445
2056646
2057074
2061749
2062752
2062923
2063774
2064175
2065306
2065975
2066560
2066822
2067675
2068227
2069762
2074594
2074851
2075859
2076548
2077925
2077996
2078849
2079219
2079424
2079945
2080441
2080648
2081573
2082780
2086012
2086109
2086419
2086680
2087640
2087953
2089544
2089899
2090093
2090289
2091811
2093063
2093848
2096578
2097061
2097586
2100727
2101135
2102607
2103009
2104103
2104161
2107242
2107935
2108189
2108254
2108363
2109162
2109517
2110134
2112505
2114909
2115234
2115639
2115887
2117719
2118202
2118712
2119121
2120495
2122630
2123274
2123427
2126506
2126988
2127074
2129651
2130315
2131181
2131485
2135085
2135102
2135609
2136848
2137528
2137532
2137948
2139446
2141014
2141486
2143720
2144012
2144511
2144584
2145146
2145225
2146957
2147799
2148045
2151227
2151632
2153380
2153988
2155033
2155103
2155623
2155724
2156808
2159555
2160281
2161586
2162958
2164178
2164823
2165680
2166818
2167367
2168044
2169479
2170053
2170079
2170303
2171860
2173357
2174099
2180176
2180346
2180792
2182046
2182110
2183446
2183963
2184213
2185590
2186129
2186317
2186637
2192237
2192805
2192996
2194454
2195573
2195765
2196242
2196709
2198265
2201910
2201967
2204909
2205612
2205718
2207408
2207517
2207785
2208690
2209070
2209945
2211473
2211637
2211784
2213677
2213944
2213982
2214098
2215304
2218142
2218718
2219894
2221723
2222139
2222908
2223044
2224521
2225174
2225931
2226203
2227540
2230006
2231404
2231775
2233786
2234893
2236076
2237266
2239401
2240247
2240891
2240987
2241121
2243272
2243752
2244221
2244290
2244762
2250204
2250331
2250566
2251047
2253308
2254287
2255023
2255207
2255273
2256127
2257872
2259171
2260011
2260285
2260876
2260980
2261046
2262426
2262503
2262829
2264332
2265839
2266892
2267453
2267778
2268969
2270096
2270542
2270629
2271305
2271768
2272694
2273491
2275351
2275728
2276567
2278182
2279218
2280194
2280446
2281098
2281202
2281810
2282719
2282925
2282988
2283556
2285153
2285704
2286046
2289249
2290327
2290631
2292809
2293348
2295037
2295417
2295856
2296293
2296449
2296996
2297002
2297132
2298118
2300121
2300757
2301284
2302254
2302561
2303434
2304249
2304552
2304991
2305515
2307289
2307752
2309838
2312183
2312557
2315120
2316913
2317496
2318045
2318608
2319123
2319500
2320148
2320485
2320629
2321138
2322020
2322895
2324265
2325116
2327476
2327552
2328400
2329016
2330051
2331788
2334077
2334283
2334763
2334846
2336895
2337389
2338112
2338468
2339079
2340026
2340124
2340613
2341891
2342314
2344024
2345231
2345947
2346753
2349015
2350944
2351435
2352440
2352584
2352629
2353118
2353872
2356457
2357302
2357960
2358376
2358796
2360180
2360201
2360230
2360382
2362271
2362991
2363050
2363611
2365796
2366485
2370503
2372285
2373152
2374057
2374072
2375482
2375701
2376052
2376521
2377655
2378637
2379039
2379618
2379645
2379995
2380126
2380364
2381259
2381505
2382910
2383946
2385473
2386190
2388944
2389420
2390415
2390816
2391282
2391301
2391326
2391873
2393651
2394058
2395020
2395402
2396154
2396220
2396300
2396362
2397087
2397233
2397297
2398863
2399833
2401969
2402435
2404100
2405799
2408531
2408968
2409206
2409491
2409655
2410976
2411158
2411859
2412153
2414516
2415188
2415257
2415490
2416613
2417692
2419563
2419633
2419645
2420149
2422461
2422477
2424659
2425493
2425875
2426080
2426762
2426839
2427026
2427449
2427794
2427973
2428484
2428668
2428867
2429063
2429525
2429929
2432578
2434140
2434896
2435682
2436150
2436890
2440437
2441279
2441759
2442555
2444070
2444822
2445869
2446658
2448740
2450025
2452396
2454081
2455568
2456278
2458135
2460942
2461062
2463120
2464032
2464226
2467243
2469514
2469751
2472059
2474039
2474461
2474926
2475594
2476356
2477201
2478491
2478576
2478759
2478798
2479632
2481628
2482452
2484526
2485221
2485491
2486169
2488007
2489567
2490492
2492066
2492244
2493953
2494315
2494364
2496594
2497951
2498641
2499316
2499574
2501237
2501732
2501863
2502233
2502617
2503277
2504054
2504200
2504224
2504346
2504485
2506111
2507166
2507412
2507998
2508841
2509046
2509402
2510523
2511005
2512831
2514378
2514457
2515062
2515348
2515741
2515928
2516164
2516216
2517325
2518363
2519672
2519954
2520420
2520610
2520775
2521855
2521871
2522215
2522579
2523818
2524019
2524379
2524838
2524889
2525893
2525980
2527365
2528551
2529688
2530008
2530034
2530342
2530577
2531223
2531319
2531766
2531913
2531989
2533229
2534270
2534451
2534656
2535009
2535048
2535832
2535861
2536250
2536672
2537489
2537854
2539357
2539844
2539882
2541013
2541242
2542327
2543215
2544079
2545759
2546919
2547605
2548926
2549085
2549510
2552936
2552970
2553388
2555651
2557182
2559238
2560312
2561272
2561803
2564721
2565385
2565481
2565607
2566132
2566515
2566896
2569334
2570725
2570903
2572533
2573595
2573859
2573991
2574237
2576789
2578057
2582129
2582900
2583007
2587589
2587644
2587668
2589874
2590025
2590983
2592325
2593268
2593787
2594611
2597303
2597361
2597774
2598117
2598918
2600244
2602187
2602215
2602604
2605203
2605323
2607224
2608015
2609184
2609702
2609729
2609920
2610558
2612263
2612388
2612776
2615329
2615553
2615907
2616681
2616770
2617607
2619565
2619668
2620300
2621380
2621761
2621836
2622169
2624073
2624461
2627269
2628018
2628623
2628762
2629341
2635268
2635326
2637580
2641972
2642997
2644339
2644632
2646836
2648317
2649073
2649792
2649926
2650169
2650484
2651200
2651542
2651602
2651767
2651995
2652605
2653158
2654884
2656179
2657659
2662094
2665598
2666699
2667337
2670689
2670794
2672649
2673211
2673445
2673466
2673968
2676399
2676616
2677310
2678862
2679387
2683508
2684146
2684706
2686235
2686404
2687613
2689349
2691308
2691997
2695130
2695855
2697227
2698225
2698447
2698779
2698866
2702596
2703031
2703274
2703810
2704341
2705518
2706794
2707290
2710140
2710896
2711031
2711546
2711849
2712434
2714102
2714151
2714226
2714889
2714891
2715135
2717216
2718566
2719437
2721027
2721135
2722271
2722361
2724194
2724206
2724593
2725130
2725195
2725621
2728478
2728851
2730204
2730670
2731954
2732682
2733652
2733678
2733929
2735189
2735922
2736035
2737390
2738634
2738984
2742856
2743733
2744047
2745784
2746980
2749860
2749905
2750127
2751140
2752151
2752693
2755299
2755869
2756093
2756160
2756597
2756684
2756910
2756986
2756992
2757348
2757849
2758858
2760403
2760511
2761273
2761414
2762360
2762531
2767493
2768837
2770848
2770933
2771020
2773719
2773827
2774017
2774394
2775667
2775812
2778440
2780047
2780276
2781129
2781799
2783396
2783656
2785723
2785755
2787228
2787837
2789081
2789636
2789971
2791316
2792193
2792674
2792723
2793061
2793425
2795021
2796548
2796963
2797410
2798823
2799310
2801439
2802927
2804169
2805674
2805792
2806055
2807179
2807765
2808234
2809375
2810168
2811587
2812478
2814035
2814068
2818259
2820385
2820569
2820898
2822650
2822676
2822975
2823868
2823914
2824063
2825402
2825445
2825656
2826022
2826699
2827043
2827644
2828553
2828941
2829447
2829616
2829833
2830259
2831384
2831483
2831540
2832656
2834627
2836145
2841971
2843151
2843571
2845797
2845913
2847250
2847351
2849462
2851070
2851850
2852208
2853747
2854279
2856115
2856259
2856275
2856947
2857038
2857474
2858950
2861410
2862195
2862364
2862589
2864041
2864287
2864792
2866136
2866875
2868576
2871405
2871427
2872689
2873401
2875240
2877259
2877882
2879292
2879673
2882323
2882695
2882746
2885482
2887097
2888368
2889231
2889389
2889890
2891527
2892048
2892417
2892684
2893142
2894907
2896277
2896652
2897165
2897384
2898284
2899132
2899206
2899581
2901515
2903073
2906238
2906375
2907337
2907484
2907653
2908410
2908467
2908553
2909273
2909600
2910499
2911148
2911176
2911259
2911680
2911969
2912908
2915040
2915321
2915390
2916099
2916203
2916791
2917067
2917426
2917880
2918046
2918685
2919185
2919194
2919326
2921549
2921622
2923072
2923134
2923497
2926034
2926483
2927063
2930781
2932697
2933784
2935223
2935394
2935552
2936724
2936807
2936854
2938059
2938087
2938169
2939443
2940771
2944684
2951985
2952870
2954813
2955881
2956123
2957767
2958048
2958238
2958417
2959017
2961184
2961938
2962443
2963315
2965204
2965482
2965580
2966728
2968214
2968705
2969542
2969952
2970439
2970676
2970889
2972526
2973324
2975297
2975810
2975834
2975903
2976432
2976629
2978327
2980300
2980627
2980769
2982274
2983400
2987230
2987586
2988301
2990135
2990462
2991020
2991299
2991640
2992829
2992880
2993159
2993579
2994328
2994415
2994552
2995018
2996606
2997747
3001115
3002324
3002684
3003006
3003824
3005019
3006168
3006757
3009936
3011824
3013233
3014108
3014242
3014562
3015910
3016351
3016544
3017472
3018473
3019511
3019723
3020057
3020110
3021934
3022039
3023567
3024845
3025972
3026330
3027492
3029153
3030592
3031106
3031294
3031560
3031974
3032673
3033769
3033955
3034413
3036012
3036231
3038273
3039069
3039858
3041942
3042857
3044720
3045354
3046529
3047458
3048638
3050563
3051976
3052236
3053692
3053854
3054112
3054783
3055672
3055907
3059322
3059919
3062486
3062794
3063675
3064094
3064151
3065560
3066299
3068482
3068518
3068908
3068949
3069267
3070213
3071187
3073334
3073367
3073881
3073951
3076843
3076859
3077368
3079020
3080652
3081748
3082241
3082528
3082782
3082964
3084530
3084751
3085457
3086315
3087934
3088969
3089061
3089379
3089496
3091129
3092825
3093270
3093722
3094928
3095181
3095477
3095879
3096483
3097966
3098688
3100135
3100179
3101263
3101715
3102503
3103954
3105097
3105446
3105860
3106427
3106557
3106810
3108039
3108088
3109454
3110093
3110627
3111215
3111276
3111794
3111954
3113349
3113626
3114060
3114771
3114947
3115008
3118936
3119089
3120096
3120456
3123576
3124636
3124923
3131442
3133414
3134891
3135720
3136814
3137821
3138362
3138769
3139234
3139569
3139745
3140162
3141252
3141711
3141727
3142161
3142509
3142911
3143826
3143906
3145584
3145755
3145901
3146616
3147596
3147601
3147951
3149387
3150474
3150852
3151265
3151533
3152969
3153820
3154833
3155641
3156314
3156963
3158834
3159042
3160534
3161588
3163502
3165808
3166243
3168370
3168950
3169434
3172042
3172765
3173741
3174935
3175444
3177290
3177465
3178838
3178959
3179243
3180739
3180871
3181599
3181882
3182752
3184333
3185344
3185441
3186323
3186626
3188171
3189161
3189743
3190267
3191235
3192174
3193122
3194487
3194713
3195299
3195354
3195562
3196362
3197679
3198455
3199225
3200910
3201941
3203462
3204952
3205976
3206385
3206824
3207321
3210425
3211647
3212332
3214185
3214352
3215381
3218600
3218937
3220608
3220716
3221411
3224040
3224943
3225084
3226433
3227680
3228375
3229514
3232027
3233130
3233773
3234433
3234921
3235375
3236237
3236703
3238609
3238615
3239304
3241793
3244409
3244965
3248485
3249344
3249441
3250689
3251758
3251916
3253089
3253640
3253764
3255926
3256212
3256296
3257179
3257219
3257652
3258184
3258501
3258824
3259642
3260192
3260263
3262231
3263226
3263390
3263510
3263523
3264401
3265105
3266724
3267095
3268059
3268098
3268565
3268932
3269084
3269757
3275488
3276487
3276933
3277010
3277034
3277659
3278258
3280552
3281282
3281634
3282441
3283969
3284323
3284392
3285242
3285480
3285906
3285982
3286173
3286482
3287075
3287098
3287849
3288590
3288761
3290806
3291225
3291342
3292155
3293489
3293564
3294257
3295100
3296820
3297044
3299043
3300685
3301265
3302477
3302674
3303813
3303924
3306383
3309933
3310215
3311056
3311061
3311230
3311813
3311931
3313748
3315428
3315461
3317765
3319375
3320059
3320245
3322533
3323361
3323450
3324030
3325118
3325278
3326144
3326285
3326367
3326596
3326678
3327071
3327399
3332488
3332650
3337565
3338159
3338345
3338590
3338884
3339922
3340032
3341285
3343037
3343173
3344623
3346403
3348399
3350291
3350490
3353106
3354926
3355358
3355414
3355643
3355662
3356328
3356780
3360462
3362104
3362659
3363014
3363434
3363691
3364641
3365896
3366202
3366886
3372108
3372339
3372341
3372388
3375083
3376693
3376727
3376804
3377437
3381322
3381557
3381754
3381849
3386192
3387511
3388923
3389079
3389526
3391006
3391766
3391938
3392058
3395107
3395139
3395949
3396471
3397999
3398425
3399041
3399109
3399122
3399403
3399952
3400522
3403851
3404820
3404975
3405027
3406737
3409607
3413457
3414861
3416441
3416615
3417017
3417292
3419274
3419621
3420444
3424419
3426090
3426800
3426938
3428314
3429935
3430084
3430966
3431632
3432519
3433069
3433732
3434328
3435775
3436470
3436849
3437398
3437701
3439102
3441163
3441464
3442285
3442837
3443635
3443961
3444123
3446907
3449041
3449806
3450183
3451749
3454811
3456431
3456738
3456772
3457239
3457241
3457358
3457430
3458263
3458801
3462174
3465299
3465847
3466663
3468302
3468345
3471846
3474653
3474707
3475243
3476845
3477256
3478111
3478158
3478319
3479518
3481009
3482428
3482563
3485271
3485751
3487579
3489182
3489837
3490040
3491738
3493048
3494132
3494244
3495169
3495484
3495994
3498049
3498447
3499805
3503895
3504251
3505148
3506113
3506874
3507168
3508170
3508639
3508946
3509923
3513187
3513941
3513954
3514249
3514729
3515128
3515132
3517009
3517769
3518969
3521268
3521692
3523025
3523216
3523432
3523618
3525307
3525878
3526204
3526324
3526362
3527682
3528175
3528740
3530073
3530287
3530602
3530708
3531008
3531721
3532134
3532171
3532603
3533509
3535689
3538310
3539381
3540004
3540388
3540869
3541574
3541955
3543650
3544288
3546018
3547001
3547222
3547805
3548513
3548808
3550151
3551349
3551757
3552090
3553173
3553468
3553752
3555016
3555754
3555810
3556122
3559095
3559380
3559553
3559863
3560037
3563525
3565225
3565687
3566766
3567133
3568999
3570352
3570787
3571130
3572380
3572858
3572863
3573993
3574247
3575596
3575902
3575951
3577651
3580086
3580880
3581766
3582945
3583668
3584205
3585362
3586276
3588473
3589403
3589645
3590098
3591148
3592037
3592272
3593271
3594756
3595460
3596334
3597189
3597717
3597866
3598020
3598685
3599564
3599593
3600824
3603494
3603563
3605847
3607903
3608423
3608728
3609023
3609430
3610315
3613501
3613972
3614162
3614863
3615382
3615975
3616182
3617305
3618263
3618575
3620143
3620248
3620345
3621180
3621214
3622033
3623474
3624994
3626358
3626833
3627182
3628639
3632137
3633742
3633813
3634478
3636942
3637568
3637941
3640599
3641948
3642750
3642917
3644173
3645143
3645568
3646555
3647158
3647184
3647422
3647481
3647824
3652366
3653779
3654321
3654609
3655084
3655424
3656445
3656709
3657231
3657357
3658081
3660071
3661595
3661639
3661718
3662974
3663031
3664167
3665173
3665417
3667854
3667942
3668085
3668846
3669645
3669821
3670382
3670736
3673421
3673885
3675245
3675436
3676926
3677038
3677474
3679410
3680343
3681078
3682682
3685260
3688029
3688438
3691236
3691402
3692782
3693209
3693471
3693506
3694267
3694394
3694862
3697050
3697324
3697934
3698995
3699439
3700432
3700723
3702354
3702982
3704009
3705026
3705380
3708459
3709098
3709169
3709617
3710898
3711326
3711472
3711564
3712508
3713563
3715312
3716877
3716967
3717195
3719753
3721307
3721516
3722189
3723293
3723728
3724082
3724170
3724271
3726635
3727605
3728477
3732446
3732700
3732927
3734427
3734741
3735150
3735844
3736478
3736779
3738780
3738862
3739752
3740132
3740352
3740465
3740610
3741322
3742719
3746750
3748502
3749547
3751862
3751904
3752951
3753754
3754451
3754524
3754715
3755154
3757958
3758838
3760183
3763816
3764423
3764996
3765804
3769066
3769700
3770091
3770737
3772734
3772821
3773460
3773637
3773916
3774288
3776282
3777870
3778218
3778886
3779058
3779443
3779720
3780407
3780488
3783064
3783272
3783992
3784854
3784927
3785195
3785297
3785754
3785760
3786243
3786275
3786511
3788915
3789083
3789455
3789884
3790955
3791318
3791366
3792513
3792679
3793182
3797681
3798655
3799852
3800306
3801765
3802450
3802654
3805520
3805621
3806109
3806536
3807474
3807524
3807830
3808478
3808897
3810339
3810429
3810543
3810921
3811828
3812088
3812313
3812346
3812485
3812511
3812680
3813865
3814092
3815639
3816244
3818411
3819203
3820055
3820370
3821170
3822431
3824531
3826672
3827420
3828609
3829952
3830152
3830202
3831200
3836153
3837874
3838562
3839074
3840112
3840387
3840453
3840819
3842591
3842617
3842754
3843117
3843144
3843240
3845495
3846415
3848235
3848395
3849205
3849211
3849418
3853703
3853925
3857238
3859201
3860351
3860805
3861799
3863826
3863953
3864337
3864411
3866189
3869112
3869421
3870136
3870718
3870751
3873275
3873947
3875575
3875830
3876139
3876861
3877773
3878366
3880666
3880792
3881172
3881447
3882598
3882982
3883194
3883515
3884064
3884112
3884566
3884747
3885756
3886056
3886129
3886344
3886586
3891589
3891617
3894567
3896814
3897723
3897879
3899437
3900880
3901271
3901481
3901875
3902881
3903682
3903823
3904619
3906333
3909088
3909563
3909680
3910564
3910667
3911309
3911411
3912250
3912590
3913138
3913790
3915203
3915864
3916466
3916979
3917633
3918139
3918453
3919105
3919223
3919688
3920872
3921881
3922946
3924097
3924731
3925679
3925834
3925892
3926527
3928483
3931162
3932183
3932266
3933498
3938206
3938839
3939793
3939968
3940940
3942856
3943673
3944517
3944703
3945118
3945615
3946232
3946462
3949958
3950044
3952247
3952711
3953890
3954256
3955640
3956840
3957147
3957405
3958047
3958579
3959721
3960122
3960755
3961049
3961829
3964885
3965646
3966252
3966838
3967766
3969788
3971451
3971500
3972981
3974111
3976348
3977125
3978262
3979133
3981094
3982074
3982194
3982352
3982798
3984773
3985734
3986034
3986401
3987443
3988044
3990013
3990171
3990396
3991663
3991910
3993510
3994717
3994909
3995111
3997657
3998183
3998834
3999837
4000581
4003157
4004609
4006685
4008188
4008778
4009946
4011239
4013033
4014316
4014468
4014992
4015925
4016838
4021870
4022773
4023036
4023117
4023850
4024073
4024313
4024536
4024563
4024602
4028066
4029709
4029847
4030117
4031632
4032239
4032273
4032399
4033925
4034409
4035634
4036016
4036218
4036315
4036653
4038391
4038602
4038952
4039295
4040818
4041745
4042310
4042791
4043031
4043364
4044089
4044451
4044587
4045955
4046209
4048214
4049563
4051558
4054248
4055496
4056974
4057288
4057430
4057540
4058270
4061564
4063060
4063584
4065205
4065656
4066265
4067147
4067266
4068222
4069532
4070517
4071962
4072018
4072395
4074274
4076874
4077560
4080852
4081699
4082231
4084495
4086724
4088499
4089027
4089400
4089416
4089626
4091179
4091355
4092729
4094576
4094839
4095043
4095350
4097694
4097801
4098469
4098833
4100474
4101375
4106515
4107030
4107579
4111820
4112352
4112716
4115054
4115723
4118136
4118385
4119173
4120834
4123780
4125510
4126058
4126614
4126893
4128312
4128737
4129185
4129963
4130292
4131942
4132151
4132711
4133039
4135543
4136502
4137796
4138380
4139922
4141980
4142887
4143828
4145653
4145760
4145834
4147685
4148616
4153285
4154150
4155370
4156035
4157028
4157180
4158080
4158326
4159155
4161299
4161360
4163248
4165066
4165347
4166126
4166520
4166855
4167141
4168365
4169230
4171600
4171845
4172020
4173634
4174009
4176166
4176382
4176488
4178746
4180103
4180896
4181886
4182222
4182248
4183191
4183818
4184441
4184555
4184872
4185669
4187164
4188343
4188566
4188885
4190239
4191547
4191751
4193101
4194575
4195300
4196374
4198441
4200047
4200492
4201061
4201295
4201488
4201592
4203186
4203451
4203516
4203709
4203826
4204760
4205771
4207203
4207704
4207837
4208957
4209545
4213052
4213689
4215018
4215958
4217783
4218494
4219998
4222230
4223749
4224367
4225046
4225263
4225990
4226154
4226421
4227309
4229779
4229782
4230060
4230995
4231120
4231452
4232418
4234112
4234238
4235187
4235366
4236846
4238036
4238190
4238789
4238809
4238951
4239808
4240046
4240134
4241125
4241832
4242786
4243534
4245989
4246029
4247899
4248557
4248572
4249323
4249400
4250252
4250269
4250784
4250998
4251036
4251219
4251294
4251652
4253894
4254221
4254593
4254854
4256243
4256389
4256710
4256821
4259521
4259925
4260037
4261293
4262932
4265675
4265753
4266082
4267214
4267804
4269341
4270033
4271679
4273675
4275929
4277109
4277338
4277584
4278076
4278840
4279530
4279774
4281774
4283707
4288118
4288711
4291536
4291969
4293569
4294604
4294939
4296099
4297146
4298402
4298826
4299841
4299958
4300213
4301380
4301863
4302810
4303475
4304755
4305370
4306111
4307306
4309445
4310028
4310166
4310784
4311084
4311772
4312068
4312163
4312733
4312751
4314841
4315903
4316054
4316570
4317944
4318662
4319794
4322604
4326167
4326562
4327419
4327821
4328139
4328778
4329625
4331053
4331415
4332614
4333075
4333712
4334013
4334559
4334869
4336777
4338230
4339563
4342469
4342753
4343215
4343996
4345018
4347359
4347795
4347934
4348122
4348710
4349129
4349586
4350863
4351102
4351118
4351763
4351924
4352404
4352775
4353123
4353466
4353781
4356086
4356336
4358702
4358946
4359877
4359923
4360982
4362054
4362821
4363306
4363441
4363813
4366051
4366097
4366279
4368251
4371461
4373898
4377191
4377469
4377845
4378110
4381522
4381775
4382454
4383978
4384285
4384459
4386670
4387427
4387707
4389342
4389594
4389698
4390570
4392089
4392474
4392722
4394291
4394545
4396648
4397082
4397163
4397530
4397688
4398106
4399690
4400079
4400249
4400501
4400745
4402962
4404153
4406220
4406238
4406291
4407557
4407606
4407712
4410411
4411088
4412331
4413843
4414544
4414988
4415496
4415693
4418598
4419762
4422731
4422873
4425680
4426049
4428249
4428702
4428718
4429359
4430149
4430466
4430750
4432749
4432930
4433056
4433180
4433335
4435547
4436326
4438484
4439135
4439791
4440602
4441447
4441833
4441851
4442402
4444529
4444934
4446151
4446924
4448815
4452590
4452925
4453146
4453706
4454622
4456603
4457109
4459079
4459673
4459965
4460866
4461361
4461875
4464543
4465551
4466638
4466794
4469275
4469708
4469947
4470077
4470962
4474743
4475364
4475796
4476122
4478370
4478384
4480769
4483349
4486493
4488066
4491451
4492305
4492311
4492735
4492790
4494082
4494332
4494733
4494843
4497885
4498164
4498193
4498477
4498844
4498930
4499201
4499407
4500003
4500252
4501850
4502255
4503533
4505427
4506542
4507418
4508120
4509215
4511971
4513180
4514254
4515859
4517756
4519310
4520401
4522512
4523707
4524339
4525265
4525840
4526988
4527395
4527465
4527472
4527655
4528040
4528889
4529088
4529389
4529542
4530098
4533319
4533898
4535987
4536277
4536355
4537735
4537981
4539029
4539963
4540387
4541941
4543431
4544969
4545023
4546409
4546547
4546673
4546831
4548999
4550203
4550294
4550310
4550876
4551429
4551628
4552937
4553988
4554356
4555825
4555854
4556855
4557125
4557701
4558749
4559407
4560198
4560777
4560858
4564886
4564994
4565262
4565542
4566662
4566880
4567876
4568356
4569545
4569795
4570385
4570607
4571970
4575108
4575737
4575801
4575869
4576769
4576967
4577087
4577961
4578506
4579897
4580786
4582781
4583550
4583775
4585001
4585665
4585925
4589591
4590743
4591513
4593138
4593950
4595190
4595902
4598048
4598545
4598803
4601481
4601862
4601904
4602144
4603741
4603985
4606899
4607352
4607671
4608975
4609096
4610472
4611427
4612996
4614180
4614959
4615848
4616186
4617749
4617995
4618048
4618701
4622547
4623752
4624841
4625940
4628706
4629083
4629159
4629318
4630125
4631568
4632808
4633487
4635768
4635790
4638888
4639299
4639830
4640062
4640977
4641930
4642803
4643641
4643898
4645151
4645344
4647721
4649074
4650920
4652705
4653176
4653243
4653629
4653755
4654323
4656015
4659288
4659469
4659948
4661260
4661915
4662072
4662134
4662869
4663576
4664316
4665535
4666441
4667361
4668525
4669796
4670424
4670929
4675051
4675610
4676994
4678224
4678304
4678645
4678868
4680732
4681085
4681306
4681555
4683466
4684589
4686138
4687308
4687323
4688017
4688286
4688766
4688800
4688824
4689238
4691037
4692477
4692680
4693118
4696958
4697237
4698130
4699027
4700016
4700024
4700152
4700985
4703292
4703718
4704131
4704657
4705496
4706822
4708312
4713754
4713808
4714396
4714619
4714883
4715861
4720480
4722680
4723335
4723615
4724721
4724948
4725079
4725702
4725859
4726080
4726217
4726759
4726812
4728024
4728725
4729099
4730439
4730820
4733331
4733375
4733752
4734369
4735436
4735754
4736372
4737587
4737748
4738239
4738643
4739899
4740612
4741330
4742102
4743602
4743680
4745205
4745354
4748209
4748544
4748884
4749779
4751818
4751915
4752531
4754752
4759251
4759364
4759436
4760045
4762014
4762785
4763662
4765285
4765400
4765601
4767122
4767262
4767835
4768967
4770009
4770272
4770986
4771026
4771973
4772690
4773099
4773386
4773822
4774137
4774890
4775225
4776989
4781242
4781847
4781917
4782363
4782399
4784718
4784972
4785018
4788115
4788710
4789344
4789586
4789916
4791166
4791283
4792608
4795148
4795224
4796643
4796950
4796981
4797070
4798946
4799658
4799894
4800117
4801057
4801149
4801603
4801764
4804530
4804898
4806274
4807627
4808060
4808947
4810482
4810908
4811689
4815254
4815556
4816972
4817230
4817609
4819524
4819750
4820697
4822038
4823911
4825159
4825423
4827938
4828179
4828539
4828757
4828837
4829062
4829458
4830161
4830244
4831546
4831635
4833624
4835573
4836155
4836445
4836968
4838444
4841201
4841441
4842413
4843429
4844126
4844266
4844867
4844919
4845584
4845629
4848965
4849406
4849840
4850171
4850677
4851141
4851173
4851213
4851238
4851545
4851566
4852313
4853555
4853705
4855875
4856888
4858101
4858513
4858653
4858855
4859850
4859864
4862361
4862377
4863196
4865350
4865565
4866618
4867004
4868577
4869449
4869703
4871356
4873589
4873712
4873760
4874339
4875778
4876486
4880855
4882828
4882934
4885032
4885846
4886539
4887212
4887254
4888677
4890625
4890751
4891515
4892174
4892693
4892916
4893243
4894084
4894277
4894588
4896406
4896971
4900771
4901023
4901519
4901818
4904611
4905030
4905471
4906650
4907332
4907514
4910797
4910887
4911080
4911491
4912306
4913088
4917297
4917679
4917741
4918083
4918785
4920323
4920539
4921433
4921619
4922721
4925465
4925825
4929278
4930756
4933123
4933429
4936311
4937951
4937980
4938898
4941229
4943067
4943157
4945106
4945601
4949105
4950358
4950452
4953183
4953442
4956052
4956434
4956925
4957301
4961164
4961243
4961262
4961275
4961505
4962238
4962701
4964318
4964657
4964732
4965820
4966475
4966588
4966626
4966738
4966929
4966997
4967311
4967532
4967833
4968325
4970186
4970543
4970869
4971359
4972176
4972983
4973962
4974616
4974782
4975361
4975514
4976177
4976244
4979443
4979462
4979997
4981512
4982111
4983076
4985266
4985280
4985557
4985994
4987299
4987466
4987632
4988874
4989960
4990009
4990015
4990188
4990663
4993323
4993951
4996006
4998080
4998550
4998963
4999312
4999661
4999722
5000750
5000906
5003094
5003439
5003592
5005068
5006958
5007486
5007836
5007939
5008087
5009063
5010014
5010069
5010159
5010568
5011865
5012103
5014218
5014565
5015262
5015890
5015926
5016469
5018184
5018843
5019580
5020251
5020513
5021786
5023816
5024374
5025003
5025916
5026058
5027008
5027305
5027401
5029395
5030361
5031798
5033039
5033879
5034367
5035562
5036908
5037000
5037322
5037808
5038492
5039790
5040151
5040454
5042223
5042913
5043934
5044812
5045985
5047524
5047737
5047883
5048146
5048662
5048976
5048981
5049198
5051397
5051517
5053652
5053974
5054060
5055845
5056017
5056493
5056913
5057056
5059619
5060232
5061402
5061677
5062191
5062880
5064688
5066504
5067362
5069317
5070164
5070749
5071305
5071616
5071845
5072474
5072895
5072953
5073177
5073330
5075939
5078757
5079436
5080290
5080759
5081621
5086134
5086801
5086979
5087357
5087599
5087602
5088037
5088246
5089017
5089733
5090829
5091898
5093546
5095204
5095627
5096672
5098085
5098473
5100404
5100593
5101031
5101940
5102026
5102794
5104727
5104813
5104846
5105179
5108701
5108949
5109501
5109569
5110041
5110313
5111909
5112559
5113671
5113970
5114009
5114580
5114701
5115215
5115408
5115689
5117766
5118036
5118256
5118462
5118893
5119059
5120658
5120840
5121069
5121506
5121884
5122183
5123182
5123757
5124389
5124494
5125191
5125483
5126234
5126249
5127592
5129466
5130400
5131968
5132358
5132624
5133486
5134340
5134641
5135217
5135515
5135888
5137533
5138054
5138440
5140212
5140744
5142084
5145213
5145574
5146410
5147347
5151890
5152048
5152803
5152832
5152992
5154408
5156058
5156179
5157055
5157120
5157717
5158543
5158715
5159378
5159927
5160660
5161161
5161457
5162412
5162784
5164933
5165917
5166076
5166783
5166910
5167280
5168665
5170302
5170397
5170590
5172352
5172446
5173968
5174195
5175391
5176779
5176833
5177929
5178385
5179213
5181783
5182792
5183056
5183412
5183592
5185437
5186268
5187521
5188101
5188130
5188886
5189203
5190368
5192639
5193246
5194185
5194395
5195538
5196391
5197685
5199703
5200563
5201049
5202497
5203290
5208232
5208462
5208652
5208951
5209202
5213287
5213771
5213983
5214334
5214367
5214601
5215123
5215270
5216453
5217653
5217739
5217994
5219146
5220355
5220683
5220746
5221632
5222675
5223380
5225033
5225177
5225873
5227574
5227699
5228259
5229549
5229693
5230553
5232347
5233167
5234393
5235527
5235651
5235817
5235995
5238079
5238184
5238718
5239272
5239490
5239778
5240268
5240812
5242657
5242805
5243157
5245042
5245966
5246091
5246373
5248257
5251158
5253985
5255670
5256925
5257700
5258118
5258441
5258488
5258508
5262551
5263090
5264329
5264761
5265609
5265770
5265891
5266285
5266601
5267519
5269787
5271238
5271684
5271908
5272372
5273085
5273571
5273615
5274519
5275163
5277366
5277408
5277613
5277740
5277870
5279182
5279929
5283316
5283533
5285075
5285087
5285442
5286181
5287694
5287944
5289506
5289740
5289842
5290213
5290406
5290877
5291329
5291408
5293929
5294313
5295964
5296673
5298576
5298593
5299046
5299236
5299396
5299830
5299895
5300101
5303547
5304544
5306027
5306416
5306789
5309326
5310981
5315204
5316665
5316899
5316939
5316996
5317074
5317128
5317253
5317812
5318214
5320748
5324092
5324981
5325053
5325361
5325824
5326927
5327143
5329630
5331459
5332136
5333819
5334029
5334610
5334700
5336262
5337072
5338104
5338519
5339374
5341103
5342085
5343697
5345312
5345869
5346636
5347682
5348907
5349452
5349616
5351585
5352776
5353655
5354204
5354359
5354730
5357199
5357292
5357612
5358945
5359348
5362467
5363241
5364460
5366284
5366656
5367150
5367901
5369021
5369223
5370518
5373042
5373240
5373277
5373980
5374262
5374767
5375735
5375866
5376340
5377727
5378465
5378911
5379004
5381134
5381474
5383159
5383638
5385235
5385383
5386855
5387107
5390159
5391460
5393906
5394266
5394668
5395148
5395710
5396260
5396336
5396452
5396585
5396829
5397182
5397308
5398887
5398938
5400757
5401764
5402336
5402662
5403620
5404223
5406810
5407359
5407551
5412591
5412808
5413720
5414298
5415909
5416286
5417813
5418347
5419764
5420680
5420755
5421305
5421556
5421616
5422852
5422895
5423743
5425293
5425318
5425732
5425842
5426549
5426586
5428848
5429031
5430743
5430812
5430839
5431436
5431788
5432030
5432870
5433260
5434439
5435416
5435652
5438490
5441615
5443110
5444808
5446067
5446818
5446880
5448660
5449747
5452792
5454113
5454138
5454577
5455946
5457083
5457486
5457907
5458169
5460975
5462021
5462938
5464383
5465043
5465245
5466365
5467451
5468503
5469827
5470528
5471673
5471859
5472153
5473202
5473245
5473871
5475139
5476162
5476568
5477509
5477854
5478727
5479734
5480309
5481148
5481357
5481708
5482204
5484209
5484318
5485019
5486487
5486588
5486683
5486809
5486902
5487818
5489221
5491581
5492609
5493007
5495373
5496627
5497098
5498689
5499556
5499594
5500594
5501875
5502099
5502232
5503062
5504869
5507798
5507970
5508571
5509651
5510235
5510465
5511903
5512187
5512397
5512638
5513643
5513744
5514102
5515117
5515573
5515933
5516038
5516632
5517755
5519068
5519530
5520295
5522552
5523064
5523684
5525565
5526298
5529517
5529842
5531131
5532087
5532322
5533168
5534039
5535577
5535818
5535909
5535915
5536530
5538465
5539968
5541259
5544124
5544827
5546153
5546310
5546850
5546918
5547113
5547191
5547594
5548722
5549156
5549724
5550319
5550377
5551807
5552145
5552865
5554647
5555057
5556701
5558728
5560231
5561049
5565517
5565761
5566145
5566571
5568678
5569442
5569956
5570310
5570386
5572086
5573434
5575608
5575716
5577324
5577398
5577828
5578109
5580535
5581197
5581736
5581987
5582347
5582438
5582667
5584229
5584251
5584682
5585259
5585313
5587168
5588641
5589468
5589533
5591574
5594851
5595142
5595158
5595733
5595774
5595816
5597858
5599601
5600214
5601182
5601772
5602158
5602831
5602843
5603783
5603934
5605251
5608055
5608833
5609293
5610516
5612633
5614897
5615569
5616438
5617215
5617380
5617579
5618653
5619933
5620948
5621607
5621965
5624598
5624722
5626756
5627700
5628379
5629527
5631821
5632188
5633751
5634827
5635180
5638171
5639984
5640642
5640752
5641078
5641665
5642059
5642062
5643876
5643966
5644432
5644618
5645659
5645833
5646547
5647799
5647804
5648314
5648692
5649134
5650596
5654021
5654377
5655018
5655383
5655936
5657112
5658786
5659382
5659412
5659664
5660100
5660703
5661586
5661622
5662958
5663057
5664994
5665164
5666071
5666585
5666768
5668090
5668249
5670938
5671634
5671999
5672269
5672962
5675543
5677940
5678293
5678517
5679260
5679305
5680025
5681086
5684160
5684747
5687068
5687654
5689183
5689411
5690253
5690724
5693336
5694705
5694865
5695349
5695507
5695848
5696598
5698324
5700160
5702309
5702591
5702932
5703240
5703601
5704224
5705273
5706068
5706913
5707488
5708759
5709516
5710379
5711240
5711277
5711400
5711683
5712021
5713726
5714731
5715994
5716901
5716914
5717373
5717826
5718469
5719124
5719492
5719728
5720446
5720550
5722124
5723086
5724003
5725815
5725997
5727440
5727947
5728272
5728726
5730532
5731286
5731660
5733411
5735362
5735387
5735551
5736657
5737762
5739372
5741089
5741921
5742782
5742976
5744082
5745185
5746280
5747701
5748164
5750506
5750836
5752472
5753020
5754484
5754741
5754788
5755680
5755697
5755926
5756833
5757475
5757525
5758255
5758965
5759173
5760020
5762088
5762821
5762969
5763077
5763379
5763439
5766860
5767434
5767858
5768062
5768903
5769106
5769349
5769695
5770504
5771708
5771978
5772502
5773625
5773780
5773957
5774095
5774333
5774467
5774579
5775571
5776349
5776902
5777845
5778227
5778242
5778685
5779033
5780422
5786605
5790391
5790536
5791675
5791981
5792186
5793290
5793743
5794064
5794343
5794663
5795863
5797044
5798678
5798789
5798822
5798945
5799075
5800208
5800448
5800595
5801812
5803122
5804822
5805299
5805598
5805685
5805883
5806220
5806545
5806832
5807218
5808553
5812752
5815019
5815637
5817631
5818373
5819279
5819347
5819692
5819873
5820728
5823123
5825602
5825767
5827228
5827951
5827980
5829885
5831885
5831910
5831992
5832749
5833987
5834191
5834483
5836942
5842004
5842057
5842192
5842944
5843608
5845434
5846003
5846586
5847328
5850282
5851867
5852345
5852620
5853993
5854166
5855349
5856524
5857150
5858188
5860165
5861068
5863251
5863773
5864531
5864737
5866131
5866434
5866777
5866973
5866988
5867550
5869122
5869901
5870379
5871424
5872068
5872733
5873417
5874489
5875405
5875707
5876224
5877661
5879345
5879988
5880490
5882016
5882725
5884231
5884645
5886035
5886898
5888018
5889123
5890791
5892782
5893001
5893691
5894530
5894569
5895177
5896024
5898947
5900215
5902330
5902509
5903263
5904653
5904788
5905767
5906790
5907997
5908234
5909803
5910144
5911211
5911312
5914006
5915610
5916348
5917387
5917421
5918007
5918088
5919133
5919534
5919799
5920234
5920394
5920514
5922252
5922872
5922959
5925167
5926502
5927557
5928728
5930786
5931071
5931532
5931662
5932270
5932982
5935143
5935858
5936174
5936916
5937142
5938525
5938933
5939202
5940205
5940227
5941160
5942391
5942969
5944212
5944643
5945448
5946244
5946743
5946984
5948233
5948591
5949459
5949966
5950889
5951772
5952136
5952843
5954244
5955126
5956599
5957284
5958469
5958483
5958948
5959638
5960009
5960362
5963117
5965829
5966780
5967693
5967799
5969632
5971621
5972100
5972620
5973414
5973790
5974321
5974567
5974838
5975809
5979920
5982190
5982498
5983436
5983499
5983773
5984480
5988226
5989041
5989749
5990274
5991137
5993223
5993797
6000730
6001302
6001366
6001657
6001740
6003277
6004193
6006332
6006578
6007705
6008194
6008798
6008839
6010439
6011945
6012607
6013196
6013551
6015653
6016844
6017242
6017944
6018721
6019941
6020762
6021427
6021712
6022842
6023643
